2608.0 2711.0 2664.0 30.633247285 | 0.0 0.0 1.77321301236 5.58136850828 0.493187817083 1.90649971853 0.0 0.0 0.0 0.0 0.0 0.0 0.0 0.0 0.282104254607 0.0 0.0 0.0 2.2285794339 0.0 9.94179636473 0.0 8.42649817551 0.0 0.0 0.0 0.0 
2608.0 2712.0 2664.0 42.8804784761 | 8.23890489724 0.0 1.77245473513 5.58136850828 0.493187817083 1.90649971853 0.0 1.66206354287 0.0 0.0 0.0 0.0 0.0 0.0 0.712857448339 0.0 0.0 0.0 2.2285794339 0.0 9.94179636473 0.0 10.34276601 0.0 0.0 0.0 0.0 
2608.0 2713.0 2664.0 29.4336728565 | 0.0 0.0 1.77155449191 5.58136850828 0.493187817083 1.90649971853 0.0 0.0 0.0 0.0 0.0 0.0 0.0 0.0 0.120284858021 0.0 0.0 0.0 2.2285794339 0.0 9.94179636473 0.0 7.39040166405 0.0 0.0 0.0 0.0 
2611.0 2675.0 2736.0 74.3566603786 | 0.595978463145 7.35539301834 1.76529272591 5.58136850828 0.493187817083 1.90649971853 1.72975222807 0.0 0.0 0.0 0.0 2.91896665077 0.251983409004 2.62220068017 0.0 0.0 0.0 0.0 2.2285794339 10.1682663377 9.94179636473 12.2685724159 0.0 0.0 0.0 14.528822607 0.0 
2599.0 2648.0 2736.0 73.9047770477 | 0.595978463145 7.35539301834 1.77589792023 5.58136850828 0.493187817083 1.90649971853 1.51480367164 0.0 0.0 0.0 0.0 0.0244650207518 0.251983409004 2.62220068017 0.0 0.0 0.0 0.0 2.2285794339 10.1682663377 9.94179636473 12.2685724159 2.64696166127 0.0 0.0 14.528822607 0.0 
2593.0 2711.0 2648.0 31.8598015777 | 0.0 0.0 1.7743093079 5.58136850828 0.493187817083 1.90649971853 0.0 0.0 0.0 0.0 0.0 1.22545799721 0.0 0.0 0.282104254607 0.0 0.0 0.0 2.2285794339 0.0 9.94179636473 0.0 8.42649817551 0.0 0.0 0.0 0.0 
2593.0 2712.0 2648.0 44.1070327689 | 8.23890489724 0.0 1.77355103067 5.58136850828 0.493187817083 1.90649971853 0.0 1.66206354287 0.0 0.0 0.0 1.22545799721 0.0 0.0 0.712857448339 0.0 0.0 0.0 2.2285794339 0.0 9.94179636473 0.0 10.34276601 0.0 0.0 0.0 0.0 
2593.0 2713.0 2648.0 30.6602271493 | 0.0 0.0 1.77265078745 5.58136850828 0.493187817083 1.90649971853 0.0 0.0 0.0 0.0 0.0 1.22545799721 0.0 0.0 0.120284858021 0.0 0.0 0.0 2.2285794339 0.0 9.94179636473 0.0 7.39040166405 0.0 0.0 0.0 0.0 
2605.0 2636.0 2719.0 47.485182889 | 0.0 0.0 1.77926583447 5.84760157803 7.81717731018 3.96245045811 1.51480367164 0.0 0.167650653422 0.0 0.0 0.0244650207518 0.0 0.0 0.0 0.0 0.0 0.0 12.8629174377 0.24226312596 10.2960821841 0.323543953315 2.64696166127 0.0 0.0 0.0 0.0 
2605.0 2636.0 2720.0 47.2345045953 | 0.0 0.0 1.77853592432 5.66425855365 7.72710907404 3.88948812056 1.51480367164 0.0 0.152912040243 0.0 0.0 0.0244650207518 0.0 0.0 0.0 0.0 0.0 0.0 12.7473078961 0.814153912085 10.0523219844 0.22218673621 2.64696166127 0.0 0.0 0.0 0.0 
2605.0 2636.0 2721.0 50.452693122 | 0.0 0.0 1.77767436558 6.49955716421 8.1085716024 4.20240189579 1.51480367164 0.0 0.219808359411 0.0 0.0 0.0244650207518 0.0 0.0 0.0 0.0 0.0 0.0 13.2359519735 1.0134139763 11.1555487185 0.0535347126657 2.64696166127 0.0 0.0 0.0 0.0 
2605.0 2636.0 2736.0 73.8995619667 | 0.595978463145 7.35539301834 1.77068283921 5.58136850828 0.493187817083 1.90649971853 1.51480367164 0.0 0.0 0.0 0.0 0.0244650207518 0.251983409004 2.62220068017 0.0 0.0 0.0 0.0 2.2285794339 10.1682663377 9.94179636473 12.2685724159 2.64696166127 0.0 0.0 14.528822607 0.0 
2587.0 2711.0 2635.0 31.8590800067 | 0.0 0.0 1.77358773689 5.58136850828 0.493187817083 1.90649971853 0.0 0.0 0.0 0.0 0.0 1.22545799721 0.0 0.0 0.282104254607 0.0 0.0 0.0 2.2285794339 0.0 9.94179636473 0.0 8.42649817551 0.0 0.0 0.0 0.0 
2587.0 2712.0 2635.0 44.1063111979 | 8.23890489724 0.0 1.77282945966 5.58136850828 0.493187817083 1.90649971853 0.0 1.66206354287 0.0 0.0 0.0 1.22545799721 0.0 0.0 0.712857448339 0.0 0.0 0.0 2.2285794339 0.0 9.94179636473 0.0 10.34276601 0.0 0.0 0.0 0.0 
2587.0 2713.0 2635.0 30.6595055782 | 0.0 0.0 1.77192921644 5.58136850828 0.493187817083 1.90649971853 0.0 0.0 0.0 0.0 0.0 1.22545799721 0.0 0.0 0.120284858021 0.0 0.0 0.0 2.2285794339 0.0 9.94179636473 0.0 7.39040166405 0.0 0.0 0.0 0.0 
2618.0 2711.0 2672.0 30.6329053669 | 0.0 0.0 1.77287109426 5.58136850828 0.493187817083 1.90649971853 0.0 0.0 0.0 0.0 0.0 0.0 0.0 0.0 0.282104254607 0.0 0.0 0.0 2.2285794339 0.0 9.94179636473 0.0 8.42649817551 0.0 0.0 0.0 0.0 
2618.0 2712.0 2672.0 42.8801365581 | 8.23890489724 0.0 1.77211281703 5.58136850828 0.493187817083 1.90649971853 0.0 1.66206354287 0.0 0.0 0.0 0.0 0.0 0.0 0.712857448339 0.0 0.0 0.0 2.2285794339 0.0 9.94179636473 0.0 10.34276601 0.0 0.0 0.0 0.0 
2618.0 2713.0 2672.0 29.4333309384 | 0.0 0.0 1.77121257381 5.58136850828 0.493187817083 1.90649971853 0.0 0.0 0.0 0.0 0.0 0.0 0.0 0.0 0.120284858021 0.0 0.0 0.0 2.2285794339 0.0 9.94179636473 0.0 7.39040166405 0.0 0.0 0.0 0.0 
2668.0 2711.0 2618.0 30.6329503199 | 0.0 0.0 1.77291604724 5.58136850828 0.493187817083 1.90649971853 0.0 0.0 0.0 0.0 0.0 0.0 0.0 0.0 0.282104254607 0.0 0.0 0.0 2.2285794339 0.0 9.94179636473 0.0 8.42649817551 0.0 0.0 0.0 0.0 
2668.0 2712.0 2618.0 42.880181511 | 8.23890489724 0.0 1.77215777 5.58136850828 0.493187817083 1.90649971853 0.0 1.66206354287 0.0 0.0 0.0 0.0 0.0 0.0 0.712857448339 0.0 0.0 0.0 2.2285794339 0.0 9.94179636473 0.0 10.34276601 0.0 0.0 0.0 0.0 
2668.0 2713.0 2618.0 29.4333758914 | 0.0 0.0 1.77125752678 5.58136850828 0.493187817083 1.90649971853 0.0 0.0 0.0 0.0 0.0 0.0 0.0 0.0 0.120284858021 0.0 0.0 0.0 2.2285794339 0.0 9.94179636473 0.0 7.39040166405 0.0 0.0 0.0 0.0 
2644.0 2711.0 2593.0 44.8114774215 | 0.0 0.0 1.77560389211 5.58136850828 0.493187817083 1.90649971853 0.0 0.0 0.0 0.0 0.0 1.22545799721 0.0 0.0 0.282104254607 0.0 0.0 0.0 2.2285794339 0.0 9.94179636473 0.0 8.42649817551 0.0 12.9503812596 0.0 0.0 
2644.0 2712.0 2593.0 57.0587086127 | 8.23890489724 0.0 1.77484561487 5.58136850828 0.493187817083 1.90649971853 0.0 1.66206354287 0.0 0.0 0.0 1.22545799721 0.0 0.0 0.712857448339 0.0 0.0 0.0 2.2285794339 0.0 9.94179636473 0.0 10.34276601 0.0 12.9503812596 0.0 0.0 
2644.0 2713.0 2593.0 43.611902993 | 0.0 0.0 1.77394537165 5.58136850828 0.493187817083 1.90649971853 0.0 0.0 0.0 0.0 0.0 1.22545799721 0.0 0.0 0.120284858021 0.0 0.0 0.0 2.2285794339 0.0 9.94179636473 0.0 7.39040166405 0.0 12.9503812596 0.0 0.0 
2631.0 2711.0 2587.0 54.6174001099 | 0.0 0.0 1.77611270131 5.58136850828 0.493187817083 1.90649971853 0.0 0.0 0.0 0.0 0.0 1.22545799721 0.0 0.0 0.282104254607 0.0 0.0 0.0 2.2285794339 0.0 9.94179636473 0.0 8.42649817551 1.7652697809 20.9905253579 0.0 0.0 
2631.0 2712.0 2587.0 66.8646313011 | 8.23890489724 0.0 1.77535442408 5.58136850828 0.493187817083 1.90649971853 0.0 1.66206354287 0.0 0.0 0.0 1.22545799721 0.0 0.0 0.712857448339 0.0 0.0 0.0 2.2285794339 0.0 9.94179636473 0.0 10.34276601 1.7652697809 20.9905253579 0.0 0.0 
2631.0 2713.0 2587.0 53.4178256815 | 0.0 0.0 1.77445418086 5.58136850828 0.493187817083 1.90649971853 0.0 0.0 0.0 0.0 0.0 1.22545799721 0.0 0.0 0.120284858021 0.0 0.0 0.0 2.2285794339 0.0 9.94179636473 0.0 7.39040166405 1.7652697809 20.9905253579 0.0 0.0 
2589.0 2639.0 2740.0 72.3216390592 | 0.853048891784 0.0 1.77482135807 13.3816656586 7.19975658515 5.42171804632 0.0 0.0 0.55848638738 0.0 0.0 0.0 0.0 0.0 0.0 0.0 0.0 0.0 12.0673255549 0.0 19.79062314 0.0 0.0 0.0 0.0 11.2741934371 0.0 
2594.0 2627.0 2740.0 72.3200279372 | 0.853048891784 0.0 1.77321023607 13.3816656586 7.19975658515 5.42171804632 0.0 0.0 0.55848638738 0.0 0.0 0.0 0.0 0.0 0.0 0.0 0.0 0.0 12.0673255549 0.0 19.79062314 0.0 0.0 0.0 0.0 11.2741934371 0.0 
2585.0 2604.0 2672.0 29.4098257484 | 0.0 0.601365870753 1.77947750079 0.0 0.0 0.0 0.0 0.0 0.0 0.0 0.0 0.0 0.0 0.000991328998134 3.38758821787 0.0 0.0 0.0 0.0 0.0 0.0 2.45250398568 17.7430369407 3.44486190362 0.0 0.0 0.0 
2585.0 2604.0 2673.0 23.8970009909 | 0.0 0.0650595249841 1.77864065824 0.0 0.0 0.0 0.0 0.0 0.0 0.0 0.0 0.0 0.0 0.0 2.32706574239 0.0 0.0 0.0 0.0 0.0 0.0 1.0933569493 15.1880162124 3.44486190362 0.0 0.0 0.0 
2585.0 2604.0 2674.0 19.7806409771 | 0.0 0.0 1.7779078591 0.0 0.0 0.0 0.0 0.0 0.0 0.0 0.0 0.0 0.0 0.0 1.45634863003 0.0 0.0 0.0 0.0 0.0 0.0 0.295853542635 12.8056690417 3.44486190362 0.0 0.0 0.0 
2585.0 2604.0 2675.0 16.5969731609 | 0.0 0.0 1.77726369067 0.0 0.0 0.0 0.0 0.0 0.0 0.0 0.0 0.0 0.0 0.0 0.779379325932 0.0 0.0 0.0 0.0 0.0 0.0 0.00348401056581 10.5919842301 3.44486190362 0.0 0.0 0.0 
2585.0 2604.0 2676.0 14.0702475845 | 0.0 0.0 1.77681731816 0.0 0.0 0.0 0.0 0.0 0.0 0.0 0.0 0.0 0.0 0.0 0.304036340503 0.0 0.0 0.0 0.0 0.0 0.0 0.0 8.54453202227 3.44486190362 0.0 0.0 0.0 
2585.0 2604.0 2677.0 5.22138377607 | 0.0 0.0 1.77652187245 0.0 0.0 0.0 0.0 0.0 0.0 0.0 0.0 0.0 0.0 0.0 0.0 0.0 0.0 0.0 0.0 0.0 0.0 0.0 0.0 3.44486190362 0.0 0.0 0.0 
2585.0 2604.0 2678.0 5.22123429055 | 0.0 0.0 1.77637238694 0.0 0.0 0.0 0.0 0.0 0.0 0.0 0.0 0.0 0.0 0.0 0.0 0.0 0.0 0.0 0.0 0.0 0.0 0.0 0.0 3.44486190362 0.0 0.0 0.0 
2585.0 2604.0 2679.0 5.2211816705 | 0.0 0.0 1.77631976688 0.0 0.0 0.0 0.0 0.0 0.0 0.0 0.0 0.0 0.0 0.0 0.0 0.0 0.0 0.0 0.0 0.0 0.0 0.0 0.0 3.44486190362 0.0 0.0 0.0 
2585.0 2604.0 2686.0 51.704841899 | 0.0 0.0 1.77983905105 10.1963740292 2.75947130809 5.20726046994 5.94423212169 0.0 0.491125444914 0.0 0.0 0.0 0.0 0.0 0.0 0.0 0.0 0.0 6.01100481639 0.0 15.8702288571 0.000443896992147 0.0 3.44486190362 0.0 0.0 0.0 
2585.0 2604.0 2709.0 45.3826381593 | 0.0 1.57794821371 1.7797632541 3.62757794374 6.38164769691 2.87399944459 1.51480367164 0.0 0.0130299011304 0.0 0.0 0.0244650207518 0.0 0.885587115758 0.0 0.0 0.0 0.0 11.0009084849 0.0 7.26404683107 4.18911802877 0.804880648622 3.44486190362 0.0 0.0 0.0 
2585.0 2604.0 2710.0 42.7318890467 | 0.0 1.50415045571 1.77914466518 3.1783694461 5.95639679507 2.58448608099 1.51480367164 0.0 0.000701977598146 0.0 0.0 0.0244650207518 0.0 0.833914773935 0.0 0.0 0.0 0.0 10.4402816065 0.0 6.62222091705 4.06831938577 0.779772346813 3.44486190362 0.0 0.0 0.0 
2585.0 2604.0 2711.0 41.2288621745 | 0.0 1.0005112648 1.77883838294 2.99088120671 5.75683270028 2.45418750132 1.51480367164 0.0 0.0 0.0 0.0 0.0244650207518 0.0 0.486963996664 0.0 0.0 0.0 0.0 10.1755224281 0.0 6.35032868595 3.20705423355 2.04361117822 3.44486190362 0.0 0.0 0.0 
2585.0 2604.0 2712.0 39.1731787421 | 0.0 1.06117391894 1.7789546624 2.52359207967 5.18381158618 2.10043801984 1.51480367164 0.0 0.0 0.0 0.0 0.0244650207518 0.0 0.527565228941 0.0 0.0 0.0 0.0 9.40874616413 0.0 5.66036042073 3.31495714495 2.62944892031 3.44486190362 0.0 0.0 0.0 
2585.0 2604.0 2713.0 40.7175059044 | 0.0 0.820513104265 1.77904117432 3.01116640268 5.77915240755 2.4685823035 1.51480367164 0.0 0.0 0.0 0.0 0.0244650207518 0.0 0.369163896941 0.0 0.0 0.0 0.0 10.2051892423 0.0 6.37987119852 2.87774309999 2.04295247835 3.44486190362 0.0 0.0 0.0 
2585.0 2604.0 2714.0 37.4126884675 | 0.0 0.663302592073 1.77877167637 2.40438594326 5.01561932318 2.00246895327 1.51480367164 0.0 0.0 0.0 0.0 0.0244650207518 0.0 0.270469005802 0.0 0.0 0.0 0.0 9.18167118781 0.0 5.48111285671 2.57603567008 3.05472066292 3.44486190362 0.0 0.0 0.0 
2585.0 2604.0 2715.0 47.027774566 | 0.0 0.538963154113 1.77855236122 3.82765650801 6.55111355992 2.99376088018 1.51480367164 0.0 0.0222337805666 0.0 0.0 0.0244650207518 0.0 0.196256859001 0.0 0.0 0.0 0.0 11.2230610392 0.0 7.54605937056 2.32474215344 5.0412443038 3.44486190362 0.0 0.0 0.0 
2585.0 2604.0 2716.0 51.0547967585 | 0.0 0.425979340967 1.77814312277 4.94227064313 7.3312748001 3.57588889564 1.51480367164 0.0 0.0960152384127 0.0 0.0 0.0244650207518 0.0 0.132979580108 0.0 0.0 0.0 0.0 12.2374179886 0.0 9.08233488263 2.08294268936 4.3854189808 3.44486190362 0.0 0.0 0.0 
2585.0 2604.0 2717.0 46.2782150914 | 0.0 0.149801019233 1.77750606184 4.49863406211 7.04951205118 3.35997131493 1.51480367164 0.0 0.0634453597308 0.0 0.0 0.0244650207518 0.0 0.0116782080619 0.0 0.0 0.0 0.0 11.8725806699 0.0 8.47722693473 1.38676715235 2.64696166127 3.44486190362 0.0 0.0 0.0 
2585.0 2604.0 2718.0 46.2526673138 | 0.0 0.0076588763568 1.7768592486 4.6658461406 7.15962749749 3.44361553388 1.51480367164 0.0 0.0753828068322 0.0 0.0 0.0244650207518 0.0 0.0 0.0 0.0 0.0 0.0 12.0153566006 0.0 8.70619610093 0.771032251296 2.64696166127 3.44486190362 0.0 0.0 0.0 
2585.0 2604.0 2719.0 50.9268974498 | 0.0 0.0 1.77611849162 5.84760157803 7.81717731018 3.96245045811 1.51480367164 0.0 0.167650653422 0.0 0.0 0.0244650207518 0.0 0.0 0.0 0.0 0.0 0.0 12.8629174377 0.24226312596 10.2960821841 0.323543953315 2.64696166127 3.44486190362 0.0 0.0 0.0 
2585.0 2604.0 2720.0 50.676219156 | 0.0 0.0 1.77538858147 5.66425855365 7.72710907404 3.88948812056 1.51480367164 0.0 0.152912040243 0.0 0.0 0.0244650207518 0.0 0.0 0.0 0.0 0.0 0.0 12.7473078961 0.814153912085 10.0523219844 0.22218673621 2.64696166127 3.44486190362 0.0 0.0 0.0 
2585.0 2604.0 2721.0 53.8944076828 | 0.0 0.0 1.77452702273 6.49955716421 8.1085716024 4.20240189579 1.51480367164 0.0 0.219808359411 0.0 0.0 0.0244650207518 0.0 0.0 0.0 0.0 0.0 0.0 13.2359519735 1.0134139763 11.1555487185 0.0535347126657 2.64696166127 3.44486190362 0.0 0.0 0.0 
2632.0 2711.0 2663.0 33.9620843637 | 0.0 0.0 1.778869055 5.58136850828 0.493187817083 1.90649971853 0.0 0.0 0.0 0.0 0.0 1.22545799721 0.0 0.0 0.282104254607 0.0 0.0 0.0 2.2285794339 0.0 9.94179636473 0.0 8.42649817551 2.09772303887 0.0 0.0 0.0 
2632.0 2712.0 2663.0 46.2093155549 | 8.23890489724 0.0 1.77811077776 5.58136850828 0.493187817083 1.90649971853 0.0 1.66206354287 0.0 0.0 0.0 1.22545799721 0.0 0.0 0.712857448339 0.0 0.0 0.0 2.2285794339 0.0 9.94179636473 0.0 10.34276601 2.09772303887 0.0 0.0 0.0 
2632.0 2713.0 2663.0 32.7625099352 | 0.0 0.0 1.77721053454 5.58136850828 0.493187817083 1.90649971853 0.0 0.0 0.0 0.0 0.0 1.22545799721 0.0 0.0 0.120284858021 0.0 0.0 0.0 2.2285794339 0.0 9.94179636473 0.0 7.39040166405 2.09772303887 0.0 0.0 0.0 
2658.0 2711.0 2683.0 44.1901479862 | 0.0 0.0 1.77426971107 5.58136850828 0.493187817083 1.90649971853 7.64496551821 0.0 0.0 0.0 0.0 0.0 0.0 0.0 0.282104254607 0.0 0.0 0.0 2.2285794339 0.0 9.94179636473 0.0 8.42649817551 5.91087848425 0.0 0.0 0.0 
2658.0 2712.0 2683.0 56.4373791773 | 8.23890489724 0.0 1.77351143384 5.58136850828 0.493187817083 1.90649971853 7.64496551821 1.66206354287 0.0 0.0 0.0 0.0 0.0 0.0 0.712857448339 0.0 0.0 0.0 2.2285794339 0.0 9.94179636473 0.0 10.34276601 5.91087848425 0.0 0.0 0.0 
2658.0 2713.0 2683.0 42.9905735577 | 0.0 0.0 1.77261119062 5.58136850828 0.493187817083 1.90649971853 7.64496551821 0.0 0.0 0.0 0.0 0.0 0.0 0.0 0.120284858021 0.0 0.0 0.0 2.2285794339 0.0 9.94179636473 0.0 7.39040166405 5.91087848425 0.0 0.0 0.0 
2628.0 2647.0 2736.0 73.1667467193 | 0.595978463145 7.35539301834 1.7792360419 5.58136850828 0.493187817083 1.90649971853 0.0 0.0 0.0 0.0 0.0 0.0 0.251983409004 2.62220068017 0.0 0.0 0.0 0.0 2.2285794339 10.1682663377 9.94179636473 12.2685724159 0.0 3.44486190362 0.0 14.528822607 0.0 
2660.0 2711.0 2608.0 30.6540966564 | 0.0 0.0 1.77479993202 5.58136850828 0.493187817083 1.90649971853 0.0 0.0 0.0 0.0 0.0 0.0 0.0 0.0 0.282104254607 0.0 0.0 0.0 2.2285794339 0.0 9.94179636473 0.0 8.42649817551 0.0 0.019262451744 0.0 0.0 
2660.0 2712.0 2608.0 42.9013278475 | 8.23890489724 0.0 1.77404165478 5.58136850828 0.493187817083 1.90649971853 0.0 1.66206354287 0.0 0.0 0.0 0.0 0.0 0.0 0.712857448339 0.0 0.0 0.0 2.2285794339 0.0 9.94179636473 0.0 10.34276601 0.0 0.019262451744 0.0 0.0 
2660.0 2713.0 2608.0 29.4545222279 | 0.0 0.0 1.77314141156 5.58136850828 0.493187817083 1.90649971853 0.0 0.0 0.0 0.0 0.0 0.0 0.0 0.0 0.120284858021 0.0 0.0 0.0 2.2285794339 0.0 9.94179636473 0.0 7.39040166405 0.0 0.019262451744 0.0 0.0 
