2664.0 2691.0 2724.0 36.134929254
2664.0 2691.0 2721.0 42.3661084621
2664.0 2691.0 2720.0 43.361297315
2664.0 2691.0 2719.0 51.4807015223
2664.0 2691.0 2722.0 51.6778888003
2597.0 2672.0 2703.0 56.8900221062
2597.0 2672.0 2702.0 57.0197570766
2597.0 2672.0 2704.0 57.4675469789
2586.0 2646.0 2704.0 58.473527641
2597.0 2672.0 2701.0 59.5163927973
2597.0 2672.0 2714.0 60.6320403256
2597.0 2672.0 2705.0 60.64329612
2664.0 2691.0 2718.0 61.5675676042
2586.0 2646.0 2714.0 61.6380209877
2586.0 2646.0 2705.0 61.6492767821
2597.0 2672.0 2712.0 62.4840236108
2664.0 2691.0 2727.0 62.745505382
2597.0 2672.0 2706.0 62.9409698183
2630.0 2649.0 2704.0 63.0982569431
2664.0 2691.0 2728.0 63.2511610998
2586.0 2646.0 2712.0 63.4900042729
2586.0 2646.0 2706.0 63.9469504804
2597.0 2672.0 2713.0 64.071606736
2597.0 2672.0 2711.0 64.4815673147
2586.0 2646.0 2713.0 65.0775873981
2586.0 2646.0 2711.0 65.4875479768
2597.0 2672.0 2708.0 65.7889837562
2597.0 2672.0 2710.0 66.1377353066
2630.0 2649.0 2714.0 66.2627502898
2630.0 2649.0 2705.0 66.2740060842
2586.0 2646.0 2708.0 66.7949644183
2664.0 2690.0 2751.0 67.1060450217
2586.0 2646.0 2710.0 67.1437159687
2597.0 2672.0 2707.0 67.411360044
2630.0 2649.0 2712.0 68.114733575
2586.0 2646.0 2707.0 68.4173407061
2597.0 2672.0 2718.0 68.5158052851
2630.0 2649.0 2706.0 68.5716797825
2597.0 2672.0 2717.0 68.86475968
2597.0 2672.0 2709.0 69.0977788816
2586.0 2646.0 2718.0 69.5217859472
2630.0 2649.0 2713.0 69.7023167001
2586.0 2646.0 2717.0 69.8707403421
2586.0 2646.0 2709.0 70.1037595437
2630.0 2649.0 2711.0 70.1122772789
2597.0 2672.0 2715.0 70.1374688475
2664.0 2690.0 2752.0 70.1806170619
2586.0 2646.0 2715.0 71.1434495096
2630.0 2649.0 2708.0 71.4196937203
2630.0 2649.0 2710.0 71.7684452708
2597.0 2672.0 2720.0 72.2040235607
2597.0 2672.0 2719.0 72.8196569287
2630.0 2649.0 2707.0 73.0420700082
2586.0 2646.0 2720.0 73.2100042228
2664.0 2691.0 2726.0 73.6665944758
2586.0 2646.0 2719.0 73.8256375908
2597.0 2672.0 2716.0 73.9598718158
2630.0 2649.0 2718.0 74.1465152493
2630.0 2649.0 2717.0 74.4954696442
2630.0 2649.0 2709.0 74.7284888458
2586.0 2646.0 2716.0 74.9658524779
2597.0 2672.0 2721.0 74.99143272
2630.0 2649.0 2715.0 75.7681788116
2586.0 2646.0 2721.0 75.9974133822
2664.0 2691.0 2731.0 77.1983240204
2630.0 2649.0 2720.0 77.8347335249
2664.0 2691.0 2730.0 78.1869088855
2630.0 2649.0 2719.0 78.4503668929
2630.0 2649.0 2716.0 79.59058178
2630.0 2649.0 2721.0 80.6221426842
2664.0 2691.0 2729.0 82.5989732126
2577.0 2593.0 2679.0 84.532988261
2577.0 2593.0 2678.0 84.5593509099
2577.0 2593.0 2677.0 84.6342431544
2664.0 2690.0 2754.0 84.9158899853
2577.0 2593.0 2634.0 86.7177549038
2577.0 2593.0 2635.0 86.7466181779
2577.0 2593.0 2636.0 86.9419221217
2577.0 2593.0 2633.0 86.9501669832
2577.0 2593.0 2632.0 87.1455607696
2577.0 2593.0 2637.0 87.1537735699
2577.0 2593.0 2638.0 87.336444338
2664.0 2691.0 2732.0 87.3377440193
2577.0 2593.0 2631.0 87.3666277075
2577.0 2593.0 2639.0 87.5564502479
2577.0 2593.0 2630.0 87.5936929756
2577.0 2593.0 2652.0 87.6239136301
2577.0 2593.0 2640.0 87.6460696345
2577.0 2593.0 2651.0 87.6572990854
2577.0 2593.0 2655.0 87.670618448
2577.0 2593.0 2653.0 87.6715178098
2577.0 2593.0 2654.0 87.6721441245
2577.0 2593.0 2641.0 87.693471597
2577.0 2593.0 2650.0 87.7168302964
2577.0 2593.0 2649.0 87.7388306661
2577.0 2593.0 2657.0 87.7480231201
2577.0 2593.0 2658.0 87.7890273745
2577.0 2593.0 2656.0 87.7948711666
2577.0 2593.0 2648.0 87.7951277483
2577.0 2593.0 2659.0 87.8050114412
2577.0 2593.0 2629.0 87.8052879244
2577.0 2593.0 2647.0 87.8122699701
2577.0 2593.0 2642.0 87.8153017759
2577.0 2593.0 2625.0 87.837310121
2577.0 2593.0 2643.0 87.8801213963
2577.0 2593.0 2660.0 87.9102828125
2577.0 2593.0 2646.0 87.9413073283
2577.0 2593.0 2626.0 87.9429082247
2577.0 2593.0 2628.0 87.9626495048
2577.0 2593.0 2644.0 87.9859209767
2577.0 2593.0 2627.0 88.0009864971
2577.0 2593.0 2645.0 88.0701120701
2577.0 2593.0 2661.0 88.1775454626
2577.0 2593.0 2662.0 88.3209942298
2577.0 2593.0 2624.0 88.4089310883
2577.0 2593.0 2663.0 88.4288254322
2577.0 2593.0 2664.0 88.4741479523
2577.0 2593.0 2665.0 88.5384126127
2577.0 2593.0 2623.0 89.895681373
2577.0 2593.0 2622.0 93.2385112173
2577.0 2593.0 2676.0 93.6308298157
2664.0 2691.0 2733.0 93.7032637609
2597.0 2672.0 2736.0 94.9425383787
2586.0 2646.0 2736.0 95.9485190408
2577.0 2593.0 2675.0 96.3807416489
2664.0 2691.0 2725.0 97.7274317545
2577.0 2593.0 2674.0 99.8864936766
2630.0 2649.0 2736.0 100.573248343
2577.0 2593.0 2621.0 100.837162172
2577.0 2593.0 2694.0 101.965163028
2577.0 2593.0 2695.0 102.391268131
2664.0 2690.0 2755.0 102.707074572
2577.0 2593.0 2693.0 102.927000004
2577.0 2593.0 2696.0 103.345678662
2577.0 2593.0 2692.0 103.37624356
2611.0 2656.0 2736.0 103.890061454
2577.0 2593.0 2691.0 103.986475531
2577.0 2593.0 2673.0 104.369253262
2577.0 2593.0 2697.0 104.817576797
2577.0 2593.0 2698.0 105.649383119
2577.0 2593.0 2690.0 106.973742704
2577.0 2593.0 2699.0 107.677022128
2577.0 2593.0 2700.0 108.309564358
2577.0 2593.0 2689.0 109.919696855
2577.0 2593.0 2620.0 110.266853259
2577.0 2593.0 2672.0 110.300499295
2577.0 2593.0 2701.0 110.914440411
2577.0 2593.0 2688.0 111.588540604
2577.0 2593.0 2702.0 111.98364189
2577.0 2593.0 2703.0 113.534430934
