A 0 30.981 -37.759 23.224
A 1 30.182 -34.854 25.520
A 2 27.197 -36.918 26.700
A 3 29.327 -40.070 27.039
A 4 32.209 -38.176 28.604
A 5 29.291 -36.640 30.488
A 6 28.323 -40.005 31.997
A 7 32.011 -40.762 32.701
A 8 32.099 -37.299 34.341
A 9 29.232 -38.494 36.519
A 10 31.209 -41.574 37.545
A 11 34.176 -39.274 38.217
A 12 32.599 -37.485 41.184
A 13 31.033 -40.768 42.385
A 14 34.579 -42.077 43.055
A 15 38.132 -40.744 43.423
A 16 39.141 -37.054 43.556
A 17 37.438 -34.433 45.723
A 18 38.656 -30.834 45.922
A 19 41.804 -28.654 45.604
A 20 43.943 -28.264 42.465
A 21 43.564 -32.025 41.985
A 22 40.065 -31.173 40.810
A 23 41.869 -28.507 38.761
A 24 43.715 -31.318 36.992
A 25 40.283 -32.881 36.505
A 26 38.974 -29.633 35.022
A 27 42.193 -29.337 33.009
A 28 41.732 -32.928 31.847
A 29 38.105 -31.984 31.154
A 30 39.517 -29.238 28.934
A 31 41.803 -31.846 27.301
A 32 38.953 -34.252 26.537
A 33 36.397 -31.596 25.553
A 34 38.995 -30.669 22.957
A 35 39.532 -34.379 22.275
A 36 35.957 -34.746 20.948
A 37 36.234 -33.102 17.531
A 38 40.003 -32.797 17.700
A 39 40.619 -36.527 18.243
A 40 39.709 -36.974 14.604
A 41 42.074 -34.282 13.308
A 42 44.978 -35.288 15.573
A 43 44.650 -38.918 14.474
A 44 44.716 -37.438 10.974
A 45 48.066 -35.849 11.823
A 46 49.417 -39.281 12.755
A 47 47.345 -41.955 14.501
A 48 44.823 -42.677 17.242
A 49 46.949 -41.983 20.342
A 50 48.515 -38.650 19.249
A 51 47.557 -35.360 21.006
A 52 45.690 -37.349 23.701
A 53 47.745 -36.064 26.648
A 54 47.770 -32.484 25.290
A 55 48.160 -30.326 28.416
A 56 48.992 -33.367 30.564
A 57 51.704 -34.271 28.028
A 58 53.689 -31.355 29.425
A 59 53.084 -32.860 32.871
A 60 54.400 -36.183 31.543
A 61 57.337 -34.595 29.697
A 62 58.705 -32.580 32.634
A 63 59.348 -35.633 34.835
